2.400000000000000000e+01 4.257300000000000182e+02 3.950000000000000000e+02 3.075000000000000000e+01 3.082000000000000028e+01 3.083999999999999986e+01 3.254999999999999716e+01
2.400000000000000000e+01 4.257300000000000182e+02 4.000000000000000000e+02 2.587999999999999901e+01 2.592999999999999972e+01 2.598000000000000043e+01 2.757000000000000028e+01
2.400000000000000000e+01 4.257300000000000182e+02 4.050000000000000000e+02 2.100000000000000000e+01 2.119000000000000128e+01 2.126999999999999957e+01 2.260000000000000142e+01
2.400000000000000000e+01 4.256700000000000159e+02 4.100000000000000000e+02 1.650000000000000000e+01 1.664000000000000057e+01 1.678000000000000114e+01 1.755999999999999872e+01
2.400000000000000000e+01 4.256800000000000068e+02 4.150000000000000000e+02 1.188000000000000078e+01 1.255000000000000071e+01 1.275000000000000000e+01 1.252999999999999936e+01
2.400000000000000000e+01 4.256499999999999773e+02 4.200000000000000000e+02 7.690000000000000391e+00 8.970000000000000639e+00 9.220000000000000639e+00 7.259999999999999787e+00
2.400000000000000000e+01 4.256499999999999773e+02 4.250000000000000000e+02 4.440000000000000391e+00 6.059999999999999609e+00 6.299999999999999822e+00 2.370000000000000107e+00
2.400000000000000000e+01 4.256800000000000068e+02 4.300000000000000000e+02 2.100000000000000089e+00 3.859999999999999876e+00 4.120000000000000107e+00 0.000000000000000000e+00
2.400000000000000000e+01 4.256499999999999773e+02 4.350000000000000000e+02 7.800000000000000266e-01 2.279999999999999805e+00 2.509999999999999787e+00 0.000000000000000000e+00
2.400000000000000000e+01 4.251600000000000250e+02 4.400000000000000000e+02 2.500000000000000000e-01 1.169999999999999929e+00 1.350000000000000089e+00 0.000000000000000000e+00
2.400000000000000000e+01 4.247799999999999727e+02 4.450000000000000000e+02 1.000000000000000056e-01 5.600000000000000533e-01 6.800000000000000488e-01 0.000000000000000000e+00
2.400000000000000000e+01 4.251899999999999977e+02 4.500000000000000000e+02 1.000000000000000056e-01 2.800000000000000266e-01 3.599999999999999867e-01 0.000000000000000000e+00
8.700000000000000000e+01 4.257300000000000182e+02 3.800000000000000000e+02 4.675000000000000000e+01 4.602000000000000313e+01 4.632000000000000028e+01 5.203999999999999915e+01
8.700000000000000000e+01 4.257300000000000182e+02 3.850000000000000000e+02 4.200000000000000000e+01 4.118999999999999773e+01 4.160999999999999943e+01 4.711999999999999744e+01
8.700000000000000000e+01 4.257300000000000182e+02 3.900000000000000000e+02 3.750000000000000000e+01 3.646000000000000085e+01 3.703999999999999915e+01 4.221000000000000085e+01
8.700000000000000000e+01 4.257300000000000182e+02 3.950000000000000000e+02 3.300000000000000000e+01 3.187000000000000099e+01 3.264000000000000057e+01 3.728999999999999915e+01
8.700000000000000000e+01 4.257300000000000182e+02 4.000000000000000000e+02 2.850000000000000000e+01 2.748000000000000043e+01 2.844999999999999929e+01 3.236999999999999744e+01
8.700000000000000000e+01 4.257300000000000182e+02 4.050000000000000000e+02 2.412999999999999901e+01 2.332999999999999829e+01 2.450000000000000000e+01 2.742999999999999972e+01
8.700000000000000000e+01 4.252599999999999909e+02 4.100000000000000000e+02 2.037999999999999901e+01 1.912000000000000099e+01 2.050000000000000000e+01 2.198999999999999844e+01
8.700000000000000000e+01 4.258600000000000136e+02 4.150000000000000000e+02 1.612999999999999901e+01 1.605999999999999872e+01 1.757999999999999829e+01 1.757999999999999829e+01
8.700000000000000000e+01 4.256800000000000068e+02 4.200000000000000000e+02 1.282000000000000028e+01 1.281000000000000050e+01 1.444999999999999929e+01 1.241000000000000014e+01
8.700000000000000000e+01 4.254200000000000159e+02 4.250000000000000000e+02 9.320000000000000284e+00 9.960000000000000853e+00 1.166000000000000014e+01 7.540000000000000036e+00
8.700000000000000000e+01 4.256200000000000045e+02 4.300000000000000000e+02 6.509999999999999787e+00 7.759999999999999787e+00 9.449999999999999289e+00 3.930000000000000160e+00
8.700000000000000000e+01 4.258199999999999932e+02 4.350000000000000000e+02 4.509999999999999787e+00 5.929999999999999716e+00 7.559999999999999609e+00 1.479999999999999982e+00
8.700000000000000000e+01 4.256800000000000068e+02 4.400000000000000000e+02 2.750000000000000000e+00 4.330000000000000071e+00 5.849999999999999645e+00 1.400000000000000133e-01
8.700000000000000000e+01 4.257500000000000000e+02 4.450000000000000000e+02 1.600000000000000089e+00 3.140000000000000124e+00 4.509999999999999787e+00 0.000000000000000000e+00
8.700000000000000000e+01 4.257799999999999727e+02 4.500000000000000000e+02 8.499999999999999778e-01 2.220000000000000195e+00 3.410000000000000142e+00 0.000000000000000000e+00
8.700000000000000000e+01 4.253899999999999864e+02 4.550000000000000000e+02 4.400000000000000022e-01 1.469999999999999973e+00 2.470000000000000195e+00 0.000000000000000000e+00
1.150000000000000000e+02 4.257300000000000182e+02 3.800000000000000000e+02 4.725000000000000000e+01 4.620000000000000284e+01 4.681000000000000227e+01 5.404999999999999716e+01
1.150000000000000000e+02 4.257300000000000182e+02 3.900000000000000000e+02 3.813000000000000256e+01 3.678999999999999915e+01 3.784000000000000341e+01 4.427000000000000313e+01
1.150000000000000000e+02 4.257300000000000182e+02 4.000000000000000000e+02 2.937999999999999901e+01 2.803000000000000114e+01 2.960999999999999943e+01 3.447999999999999687e+01
1.150000000000000000e+02 4.257300000000000182e+02 4.100000000000000000e+02 2.119000000000000128e+01 2.025000000000000000e+01 2.232000000000000028e+01 2.462999999999999901e+01
1.150000000000000000e+02 4.254100000000000250e+02 4.200000000000000000e+02 1.388000000000000078e+01 1.357000000000000028e+01 1.598000000000000043e+01 1.450000000000000000e+01
1.150000000000000000e+02 4.256299999999999955e+02 4.300000000000000000e+02 8.130000000000000782e+00 8.699999999999999289e+00 1.116999999999999993e+01 6.179999999999999716e+00
1.150000000000000000e+02 4.252799999999999727e+02 4.400000000000000000e+02 3.879999999999999893e+00 5.030000000000000249e+00 7.290000000000000036e+00 1.149999999999999911e+00
1.150000000000000000e+02 4.251299999999999955e+02 4.500000000000000000e+02 1.500000000000000000e+00 2.720000000000000195e+00 4.570000000000000284e+00 0.000000000000000000e+00
